range: 76 - 104
076
077
078
079
080
081
082
083
084
085
086
087
088
089
090
091
092
093
094
095
096
097
098
099
100
101
102
103
104
range: 81 - 84
081
082
083
084
range: 85 - 92
085
086
087
088
089
090
091
092
range: 88 - 96
088
089
090
091
092
093
094
095
096
range: 92 - 100
092
093
094
095
096
097
098
099
100
range: 93 - 104
093
094
095
096
097
098
099
100
101
102
103
104
104
range: 153 - 156
153
154
155
156
range: 153 - 189
153
154
155
156
157
158
159
160
161
162
163
164
165
166
167
168
169
170
171
172
173
174
175
176
177
178
179
180
181
182
183
184
185
186
187
188
189
range: 156 - 164
156
157
158
159
160
161
162
163
164
range: 161 - 168
161
162
163
164
165
166
167
168
range: 161 - 168
161
162
163
164
165
166
167
168
range: 177 - 184
177
178
179
180
181
182
183
184
177
range: 177 - 192
177
178
179
180
181
182
183
184
185
186
187
188
189
190
191
192
range: 185 - 192
185
186
187
188
189
190
191
192
197
